81 3
79 5
79 7
82 10
82 11
83 12
83 14
86 17
86 18
88 20
89 20
90 21
92 21
93 22
95 22
96 23
95 24
92 24
91 25
86 25
85 26
81 26
80 27
78 27
77 28
75 28
74 29
72 29
71 30
69 30
68 31
67 31
66 32
65 32
64 33
63 33
62 34
61 34
60 35
59 35
57 37
56 37
54 39
53 39
51 41
50 41
46 45
45 45
36 54
36 55
32 59
32 60
30 62
30 63
28 65
28 66
26 68
26 69
25 70
25 71
24 72
24 73
23 74
23 75
22 76
22 77
21 78
21 79
20 80
20 81
19 82
19 84
18 85
18 87
17 88
17 90
16 91
16 94
15 95
15 98
14 99
14 103
13 104
13 110
12 111
12 131
13 132
13 138
14 139
14 143
15 144
15 147
16 148
16 151
17 152
17 154
18 155
18 157
19 158
19 160
20 161
20 162
21 163
21 164
22 165
22 166
23 167
23 168
24 169
24 170
25 171
25 172
26 173
26 174
28 176
28 177
30 179
30 180
32 182
32 183
36 187
36 188
45 197
46 197
50 201
51 201
53 203
54 203
56 205
57 205
59 207
60 207
61 208
62 208
63 209
64 209
65 210
66 210
67 211
68 211
69 212
71 212
72 213
74 213
75 214
77 214
78 215
80 215
81 216
85 216
86 217
91 217
92 218
110 218
111 217
116 217
117 216
121 216
122 215
127 215
128 216
144 216
145 215
151 215
152 214
155 214
156 213
159 213
160 212
162 212
163 211
164 211
165 210
167 210
168 209
169 209
170 208
171 208
172 207
173 207
174 206
175 206
176 205
177 205
179 203
180 203
182 201
183 201
185 199
186 199
193 192
194 192
195 191
195 190
202 183
202 182
204 180
204 179
206 177
206 176
208 174
208 173
210 171
210 170
211 169
211 168
212 167
212 166
213 165
213 164
214 163
214 161
215 160
215 159
216 158
216 156
217 155
217 154
218 153
218 150
219 149
219 147
220 146
220 143
221 142
221 137
222 136
222 130
223 129
223 109
222 108
222 102
221 101
221 96
220 95
220 92
219 91
219 89
218 88
218 85
217 84
217 83
216 82
216 80
215 79
215 78
214 77
214 75
213 74
213 73
212 72
212 71
211 70
211 69
210 68
210 67
208 65
208 64
206 62
206 61
204 59
204 58
202 56
202 55
195 48
195 47
194 46
193 46
186 39
185 39
183 37
182 37
180 35
179 35
177 33
176 33
175 32
174 32
173 31
172 31
171 30
170 30
169 29
168 29
167 28
165 28
164 27
163 27
162 26
160 26
159 25
156 25
155 24
152 24
151 23
145 23
144 22
128 22
127 23
121 23
120 24
119 24
118 23
118 19
119 18
119 17
121 15
122 15
123 14
124 14
125 13
135 13
135 11
124 11
123 12
120 12
119 13
118 13
117 14
116 14
112 18
111 18
110 17
110 16
109 15
109 13
108 12
108 11
103 6
102 6
100 4
97 4
96 3
 
