96 4
96 6
97 7
97 8
98 9
98 10
99 11
99 12
102 15
102 16
103 17
103 18
107 22
107 23
112 28
112 29
113 30
113 32
114 33
114 34
115 35
115 37
114 38
110 38
109 37
93 37
92 38
86 38
85 39
82 39
81 40
79 40
78 41
76 41
75 42
73 42
72 43
70 43
69 44
68 44
67 45
66 45
65 46
64 46
62 48
61 48
60 49
59 49
57 51
56 51
53 54
52 54
38 68
38 69
35 72
35 73
33 75
33 76
32 77
32 78
30 80
30 81
29 82
29 83
28 84
28 85
27 86
27 88
26 89
26 90
25 91
25 93
24 94
24 96
23 97
23 99
22 100
22 103
21 104
21 108
20 109
20 115
19 116
19 134
20 135
20 141
21 142
21 146
22 147
22 150
23 151
23 153
24 154
24 156
25 157
25 159
26 160
26 161
27 162
27 164
28 165
28 166
29 167
29 168
30 169
30 170
32 172
32 173
33 174
33 175
35 177
35 178
38 181
38 182
52 196
53 196
56 199
57 199
59 201
60 201
61 202
62 202
64 204
65 204
66 205
67 205
68 206
69 206
70 207
72 207
73 208
75 208
76 209
78 209
79 210
81 210
82 211
85 211
86 212
92 212
93 213
109 213
110 212
111 213
117 213
118 214
134 214
135 213
141 213
142 212
145 212
146 211
149 211
150 210
152 210
153 209
154 209
155 208
157 208
158 207
159 207
160 206
161 206
162 205
163 205
164 204
165 204
166 203
167 203
169 201
170 201
172 199
173 199
176 196
177 196
189 184
189 183
192 180
192 179
194 177
194 176
196 174
196 173
197 172
197 171
198 170
198 169
199 168
199 167
200 166
200 165
201 164
201 163
202 162
202 161
203 160
203 158
204 157
204 155
205 154
205 152
206 151
206 148
207 147
207 143
208 142
208 136
209 135
209 117
208 116
208 110
207 109
207 105
206 104
206 101
205 100
205 98
204 97
204 95
203 94
203 92
202 91
202 90
201 89
201 88
200 87
200 86
199 85
199 84
198 83
198 82
197 81
197 80
196 79
196 78
194 76
194 75
192 73
192 72
189 69
189 68
177 56
176 56
173 53
172 53
170 51
169 51
167 49
166 49
165 48
164 48
163 47
162 47
161 46
160 46
159 45
158 45
157 44
155 44
154 43
153 43
152 42
150 42
149 41
146 41
145 40
142 40
141 39
135 39
134 38
125 38
124 37
125 36
125 35
127 33
127 32
133 26
134 26
135 25
136 25
138 23
139 23
142 20
145 20
147 18
150 18
151 17
154 17
156 15
156 12
153 9
150 9
149 8
134 8
133 9
131 9
130 10
129 10
127 12
126 12
122 16
122 18
115 25
114 25
110 21
110 20
107 17
107 16
103 12
103 11
102 10
102 9
101 8
101 7
100 6
100 5
99 4
 
