50000 5 21356
51000 4 13814
52000 3 14233
53000 5 14004
54000 3 12931
55000 3 14894
56000 3 14179
57000 3 15625
58000 4 14703
59000 3 15887
60000 3 15539
61000 3 16682
62000 3 16570
63000 4 16139
64000 3 17050
65000 3 17558
66000 3 18352
67000 4 18700
68000 3 18767
69000 4 18906
70000 4 19356
71000 8 19287
72000 4 18655
73000 4 18640
74000 4 27739
75000 5 31773
76000 3 21112
77000 3 21153
78000 5 19523
79000 5 21312
80000 4 20650
81000 3 21952
82000 3 22217
83000 5 22551
84000 3 22359
85000 3 21568
86000 18 22330
87000 4 23401
88000 3 24140
89000 4 24400
90000 3 24202
91000 4 25120
92000 3 25278
93000 4 25227
94000 5 24761
95000 4 26454
96000 9 26514
97000 3 27248
98000 4 27183
99000 4 26695
100000 3 27036
